%% MODEL 4 - USD Index %%

aic_EigenARCH =

         -20791.6526365702


bic_EigenARCH =

         -20391.3757699331


pValue_aut =

        0.0905289181700548         0.251786354357291         0.591169111377382
         0.104723792036223         0.295983646455411         0.255738113119446
         0.541179843972733         0.665284594198351          0.86065490556358
         0.217686229010893         0.185714969745277         0.401896175823773
         0.774999056765208         0.462264853801454          0.25425401407862


pValue_het =

         0.938710523127284         0.843289418374563         0.722315541868368
         0.706260080403093         0.802303687608199         0.791521362092793
         0.875563693979454          0.86826069802836         0.887205228355947
      0.000178093046636518       0.00165148399515469         0.004397709754285
         0.905410013207431         0.475331995839429         0.737573340427327


pValue_arch =

         0.939796255899954         0.846728927261699         0.780994981825823
         0.685944169593195         0.775042517496015         0.794211829395511
         0.826055581871574         0.796130837315585         0.817777808513103
      0.000251291874412307       0.00177510029855543       0.00647740583520851
         0.925682392013355         0.496719830180079         0.723499181154797

persistence

persistence =

         0.983363899779629

Estimation results

V =

         0.646704833018712         0.292847508744558         0.129922122977742         0.159770087944996         0.673503494075087
        -0.397397007625954         0.476565994622266         0.211429079449294        -0.693797491982925         0.298166489701736
     -1.14208109553231e-09        -0.828930147474319         0.167453531027391        -0.342431772282171         0.409358775264869
         -0.65103646386372     -1.51676783759861e-11      4.40759979502833e-09         0.582205699771516         0.487019553892225
     -2.27569596919664e-08     -6.13090028757019e-10        -0.954136940523026         -0.19208217929184         0.229623899295908


V s.e. =

        0.0145971434411212        0.0361695227279224        0.0256209633088336        0.0874315467017638        0.0120761389978186
        0.0953172183203081        0.0615677389120839         0.017588208397949        0.0121528716708624        0.0150966958158857
      2.43045972943184e-08        0.0249315733683974        0.0161987291726832        0.0409441152149796        0.0154403510237796
        0.0573891983819356      1.92532349025308e-09      2.06902075109532e-07        0.0607658849258553        0.0124093496644864
      1.20387491925321e-07      5.50363906347856e-08       0.00557071915523523        0.0181561428670714        0.0143885126467383


W =

       0.00084101756048962      0.000274753641037543
      3.80088078730271e-15      2.87884093807591e-13
        0.0002390432640521      0.000168323677863423
      0.000769989643013465       0.00049978845008058
         0.003869558319497       0.00164620565160376


A =

        0.0731589860863058        0.0189343663107235        0.0101370803813803         0.112481513057191        0.0108718490418886
       0.00838920024456276        0.0992343170601362      2.11972244336477e-15      2.73116888345939e-14      0.000877334429607821
        0.0728056115627883       1.5296422505936e-14         0.217005550084008       0.00254770578440883      0.000412092025784401
        0.0739772267121202        0.0192856620478831        0.0112593113205146        0.0500590961346536        0.0233386349975057
         0.707546240494724      5.08372221053904e-11      5.87066036369844e-10         0.390973829312413         0.320203759301999


A s.e. =

        0.0225675607966306        0.0268763788025732        0.0122542374034502        0.0350708393435816       0.00439159807779818
        0.0066605969285533         0.020168685786339      2.56813620333123e-12      4.82563045151784e-11      0.000872728201148636
        0.0320917454714372      1.03973937222442e-11        0.0619079457212121        0.0257689887998513       0.00173985514789824
        0.0256623392298295        0.0423970262986753        0.0155927517314502        0.0333793197640392       0.00564283023293857
         0.224835141158423      1.83218940515042e-09      8.49650999624067e-09         0.288471972170514        0.0499236707324465


B =

         0.626571042382518        0.0102500524896238      2.06841523558931e-10      5.70152235284979e-09      2.33218359567773e-12
      4.63109497573101e-15          0.88027533057209      4.95564042208611e-15      9.12387083067319e-14      4.72535650079091e-20
      1.28380640822334e-13      3.74685125968664e-14         0.672560596064498      1.45148259008491e-13      2.47143383210112e-16
         0.235260916695779        0.0941669801523866      5.77847022074161e-11         0.103874148406335        2.937207484285e-12
      4.04007285116544e-08        0.0925716406978367         0.170642989547491      1.63929784991566e-08         0.383057396254468


B s.e. =

        0.0558720710726426        0.0333976127524678       1.2340324076257e-08      5.39438150886539e-07      1.20461972664148e-09
      8.72776693488105e-12        0.0287580069189479      4.41544449457528e-12      4.61034171436237e-11      2.88980621353263e-14
      7.46823480187404e-11      2.05422607852848e-11        0.0874558801555018      8.25900846294197e-11      4.51880121832068e-12
          0.17545107477711        0.0782388037301479      1.26025240356431e-08         0.228738919334636      3.23322739934252e-09
      5.59099770427095e-07         0.314830017485936         0.154528998292681      1.38175300964026e-07        0.0795405031286035


C =

       0.00899335295059797       0.00474587689421456
      0.000583548157736512      0.000874873993372016
       0.00309114272916711       0.00422347336166164
         0.013406317002607       0.00777820420750257
         0.201424942881319        0.0560341813894216


phi =

         0.551009604895029          0.10924096964524
      1.50462608204548e-09      3.20460713209883e-08
         0.708949119933627        0.0756069643836452
      2.27569596919664e-08      1.20387491925321e-07
         0.977192301090138        0.0445722324474224
      1.99825548683334e-11      2.53673989707613e-09
      6.13090028757019e-10      5.50363906347856e-08
      4.28123906187662e-08        8.694763403515e-07
          1.26676349536854        0.0186081096127041
         0.696608800389727        0.0497078409561454

diary('off')
