% EXTENDED MODEL 1 - BCOM COMMODITY INDEX %

aic_EigenARCH =

         -20643.8428462515


bic_EigenARCH =

         -20243.5659796144


pValue_aut =

         0.614180079928718           0.8313766027658         0.862958000145359
         0.554945830942674         0.639586750349095         0.524407502964658
         0.472109802558575         0.229319688017372         0.358850427754211
         0.516652212141537         0.470856382792662         0.383571119148075
         0.174280277251536         0.262518564877746        0.0749662369774795


pValue_het =

         0.648926376335785         0.617055895223512         0.400858402168425
        0.0932575999454656         0.144121184591213         0.102770763513223
         0.145355652183798         0.445211746022728         0.737488965621056
         0.693627623718158         0.405263115533479         0.723454451889356
         0.905725979797825         0.757668705925915         0.901476055429497


pValue_arch =

          0.65439730351705         0.663245460908894         0.521725805948645
          0.20509931238844         0.263510885396713         0.231069223236011
         0.155117095092183          0.46415089450285         0.767229996267177
         0.705759722272252         0.475674957026229         0.783075096913579
         0.935869720599506         0.796103275049705         0.930865871162573

persistence

persistence =

         0.941876043969218

Estimation results

V =

         0.646922359088133         0.172168775667034        -0.296631141933637         0.139553972980668         0.666621352986548
        -0.324248020410747         0.343502535265793        -0.235250447256037        -0.798925959688337         0.288519960362518
     -4.92473017833422e-07     -1.15718921209805e-07         0.898999544494169        -0.111799172372469         0.423439209398294
        -0.690184527913511      1.89604592153923e-07        -0.167517837971424         0.506141300598975         0.489289357352197
     -3.43804204745131e-07        -0.923235571753622        -0.142845320755136        -0.271226710421723         0.231662178485865


V s.e. =

        0.0135234994614137        0.0244141069317712        0.0154570784341298        0.0568360825822141         0.009990913545457
        0.0717470548266781        0.0342106648872824        0.0655306921851651        0.0286651198924544        0.0125345517068927
      2.89649492919809e-07      6.26493046542436e-08        0.0105527859666673        0.0729213421699056        0.0128353564776542
        0.0401129123519983      3.08975422922517e-07        0.0454092735206452        0.0585210187836552        0.0123481438551457
       4.0335700966216e-07         0.010822483889193        0.0219477664177481         0.035313813523591        0.0139494731617062


W =

      0.000831435284190479      0.000388120066485424
      0.000254111093684674      0.000151460571208214
      8.19691711390118e-10      2.09608246448717e-09
       0.00108311472105481      0.000375406081994475
       0.00257703205353012       0.00387014427018887


A =

        0.0717146528975706       2.0902857355485e-12        0.0341473783535608        0.0633858103022704       0.00446436101493469
        0.0684294461890735         0.226239691060884      3.22597320350823e-13       0.00493269970243671      0.000106766519751281
       0.00247738001006065      3.69539930042982e-13         0.147733889619419        0.0375682862795087       0.00409104568977998
        0.0649971459771795       0.00634919027533303        1.297732174074e-10        0.0515869931662999        0.0267252641629185
          1.23022765962337       0.00463666155555033        0.0154970322722422         0.262186512647329         0.316582508059623


A s.e. =

        0.0245880598745505      8.88011622876199e-11        0.0668382836725966        0.0378380504180929       0.00372166908895058
         0.026644335526882        0.0576249234587684       2.3284152135794e-11        0.0236844294998924        0.0014527471142605
        0.0132644981587164      4.35897980513119e-11        0.0395676215180655        0.0221402735248611       0.00285272869613783
        0.0223503176846083        0.0121961661202099      2.53711207203231e-09        0.0244391526082634       0.00504336354883974
          0.29825518323589         0.085921286062936          0.24118472584848         0.319079073836291        0.0545363198815825


B =

      1.46254299319703e-06      1.26787378918397e-12          1.25110442857597      3.58754599407208e-10       7.8596069631717e-12
      6.93864740284909e-13         0.674497508662544      4.21700225208888e-15      1.73036749012469e-12      4.08555545189135e-13
         0.358655818259407        5.856018022235e-13         0.123659745365381      1.04817851108729e-11       3.7670957313541e-13
        0.0657634971149265        0.0228643677665928          0.10150924466829         0.275141963676081      7.46108129361002e-11
      1.37445937800461e-06      2.05546344918999e-08       2.6333086711621e-06           4.0755095602197      8.20845138329353e-09


B s.e. =

       5.8259040730593e-05      1.16076636681916e-10         0.171111794767858      1.14159179235134e-08      1.26241070177908e-09
      7.43228677481546e-11        0.0736625675981969      5.13185713119213e-12      2.47876600840157e-10      1.21436996168404e-10
         0.140731116665289      5.36526545776373e-11         0.233503558061024      5.80388623885859e-10      8.93749985927198e-11
         0.234175848019675        0.0260996404283869         0.437376865540004         0.154914697469539      1.04398422274013e-08
      1.00807847505359e-05      2.64792774337678e-07      1.52023656776784e-05         0.866553439239269      1.38555518958586e-07


C =

       0.00218773746560012       0.00120490787247039
       0.00015982844750342      0.000340640835732954
      0.000499778183843322      0.000808009162258777
      0.000691743931488542      0.000645100143019778
       0.00845064859019127       0.00616095564314923


phi =

         0.464620162180035        0.0859323795608679
      6.80555939661193e-07      3.90583553517965e-07
         0.761744023672896        0.0554326425401968
      3.43804204745138e-07      4.03357009662226e-07
       3.0116797124961e-07      1.57220166793572e-07
      1.05984506046855e-07      2.91292817144267e-07
          1.17641789804299        0.0281663581121471
         0.252028271877052         0.069355240232785
         0.380910736670572        0.0679403766579582
         0.863910940425536        0.0666781654572835

diary('off')
