%% MODEL 4 - US 10YR %%

aic_EigenARCH =

         -20655.6754913833


bic_EigenARCH =

         -20255.3986247461


pValue_aut =

         0.453898693685471         0.672619938973482         0.879131238381386
         0.791468477606209         0.796889602794831         0.418198339876357
         0.520814697953193         0.800165937310226         0.830472825162299
         0.414494696852556          0.82207448794872         0.400057910113013
         0.040273601265946        0.0498369261459025         0.191302456245796


pValue_het =

         0.781903337407157         0.948790247693225         0.859372721294486
         0.612881596880968          0.82592328816485         0.229111055805236
         0.482213653143387          0.67640486417992         0.877109414475103
         0.423819421327304         0.459264060851165         0.620757774164827
         0.878444813079499         0.660238808818443         0.713493739414916


pValue_arch =

         0.779693681750272         0.949401662133373         0.880564492983458
         0.586029243605149         0.791821329185011         0.151570756307179
         0.407083762371816         0.511535791336952         0.666597018104981
          0.44631520758759         0.546578401461711         0.733270767215966
         0.933619531955083         0.709416049020588         0.752689426325706

persistence

persistence =

         0.911966227249647

Estimation results

V =

         0.626483979686266       -0.0399757652705566        0.0197104779228696         0.428049138744815          0.64985013138982
        -0.144004652546808         0.946852511104081        0.0857468948509699       -0.0955328031875861         0.257398398983575
     -6.42189909205602e-06        -0.239751830518479         0.335460267429669        -0.772064784271647         0.483633577810089
        -0.766015981003078        -0.210692475790285      6.12213979896632e-06         0.368047106256453         0.483083352054305
     -6.92701096058054e-06     -2.85539516690067e-05        -0.937936765470894        -0.275870829916412          0.21016638245903


V s.e. =

        0.0160709144980657        0.0705159122041224        0.0126217230296758        0.0160465458633186        0.0100542059911362
         0.056490067755239        0.0200064092569739        0.0366609375405839          0.11571240969825        0.0116062390404352
      8.42388856663045e-06          0.10958428083709        0.0282176022661987        0.0300454464889601       0.00996146133486215
        0.0208744341527646        0.0516070789978631      3.74370494700375e-06        0.0350935208675073        0.0123322238684989
       2.7482672361314e-06      1.65173257903978e-05        0.0094468416359157        0.0239036381253307        0.0190028821069681


W =

       0.00107921760547854      0.000413401019449997
      0.000291667066011119      0.000493681223482793
      0.000402094256334918      0.000239401959947359
      0.000399423773837177       0.00029068676163932
       0.00354754722404008       0.00379424511175081


A =

        0.0633700548077386         0.120841595783479        0.0188798744066512        0.0157321807326871       0.00780402775853069
        0.0376690183781069        0.0771104586922544      1.63021457611695e-11         0.022649470722215        0.0170712914382264
        0.0502532787171497        0.0169092260029713         0.214827885174431      2.26646302409493e-11        0.0014268531477505
        0.0213044721793861        0.0206088826955198      1.12285869360003e-10         0.145101160997691       0.00704685618428925
         0.842767533850875      1.51375341097265e-07       2.6674153795183e-08         0.390921280201545          0.34036513887424


A s.e. =

        0.0257784464638193        0.0322555537966145        0.0164885697822075        0.0544167257004239       0.00452053265699452
        0.0182881480660047        0.0284613813419934      2.32816201381198e-10        0.0339173704403397       0.00474778194711087
        0.0313151930048392        0.0248802954599089        0.0653408571915684      5.24987042520594e-10        0.0025596384242206
        0.0140241996775327        0.0219275616491059      1.57702560450251e-09        0.0297161521197406       0.00459884044960123
         0.308941874456377      2.78965183357361e-06      1.98852044817747e-07         0.354998737668299        0.0502603777151042


B =

         0.559340518734388         0.122538625068095      1.01259030784112e-09        0.0268248250034386      5.00768960301085e-11
         0.285110375588537      1.09952388255205e-08      9.80153919653498e-08      1.09324673176482e-07      1.54703573934404e-09
      2.68762761720514e-09      2.87951785651388e-09         0.671157619033677       1.7889465067428e-10      1.05169873878515e-10
      1.07855590730719e-08      5.59246348929669e-08      1.23219827222871e-09         0.627810185545535      7.25868924527533e-11
         0.772379134960545      3.44173916853309e-05         0.282485897977592      3.54737297186614e-07         0.260667236998816


B s.e. =

         0.150525952329797         0.165020392266442      1.47604560937708e-08         0.127185530898147      3.13383955110254e-09
        0.0720687475918017      2.82554228394599e-08      7.63508957058381e-07      1.34273992833268e-07      1.19035201992349e-08
      3.01651257061271e-08      1.71889106215331e-08         0.089937281526376      1.92992814311164e-09      2.88655440685374e-09
      5.10635940271205e-08      1.70065204405299e-07      1.04933390245294e-08         0.115460787266668      2.28665301609187e-09
          1.21607502340549      0.000932728996995019         0.253973641874255      2.30172092661203e-06         0.159587807513316


C =

      5.80063541628689e-05      0.000182652230904814
       0.00161126183966341      0.000372309747248297
      2.04470429600942e-06      9.56626143008018e-05
       0.00023100825882828      0.000157562162482312
       0.00497803537120534       0.00182441929988306


phi =

         0.225937002128108        0.0827659763237925
      9.99017427529553e-06        1.313811766354e-05
         0.872620348002113        0.0324731410533116
      6.92701096063594e-06      2.74826723619733e-06
         0.256578612419321         0.115121614663314
         0.333933754484045        0.0788657580537017
      2.85539516735718e-05      1.65173257974459e-05
      2.13534847179202e-05      6.24608552497078e-06
          1.21663238216757        0.0272395311298697
         0.919767579295701        0.0482273664751955

diary('off')
