%% MODEL 3 - WTI CRUDE %%

aic_EigenARCH =

         -20744.2247685465


bic_EigenARCH =

         -20343.9479019093


pValue_aut =

         0.593983256010991         0.660927295591435         0.433897627344848
         0.187912752381781         0.215580103278626        0.0861150520317274
         0.991260893236428         0.945508522219614         0.427402113839123
         0.953869767536184         0.997499018467387         0.646147895194929
         0.583384398210188         0.398481993400653         0.269466058971386


pValue_het =

         0.376073214615963         0.601402733949167         0.556716484153445
         0.812770789474727         0.798045011171413         0.623452611563729
         0.734568985403504         0.564309951354301         0.608503265254151
         0.359086858905868         0.553124289908139         0.555752018002661
         0.947976455521394         0.618821725430298      0.000468686463334644


pValue_arch =

         0.378315329348898         0.645923743941312         0.668717725391078
         0.820430133633721          0.78065979466709         0.618616441661067
         0.747861994860077         0.567626476507456         0.664479120506019
         0.371463888055171         0.537837729560402          0.51344332323042
         0.917687274652865         0.557161845642366      0.000517508428283797

persistence

persistence =

         0.988495308196929

Estimation results

V =

         0.645873050180554         0.284572548838601         0.124149514529887         0.185472017850162         0.672349236732334
         -0.37373103447028         0.491791553749982         0.214552295932422        -0.693470036085765         0.302543885899694
     -2.32756701937988e-09        -0.822897036151959         0.171156970744777        -0.350302002457428         0.413321020917288
        -0.665712488184082     -3.61948101045455e-08     -3.88389261133476e-08         0.569258740793229         0.482463852642105
     -4.42310448016931e-10     -1.38204942769494e-08        -0.953550995866288        -0.194762503451307          0.22980005555219


V s.e. =

        0.0136414890667995        0.0338554476071451        0.0245481685458563        0.0794187105366673        0.0115256310208779
        0.0865882751888412        0.0595463723520982          0.01575563383998        0.0096718865147754         0.013360924335484
        2.241202087932e-08        0.0259887428231112        0.0162192629959889        0.0406989566446718        0.0157929416775313
        0.0505596215762939       8.6313388262963e-08      1.28766238625349e-07        0.0557500159577648        0.0122789462138549
      4.02686732969128e-09      1.71964986361197e-07       0.00547802849505238        0.0172430434366611        0.0142441324618078


W =

       0.00105706512074426      0.000337265764784793
      9.27827507622213e-10      1.90307008200769e-09
      0.000317019521676668      0.000173842336348681
      0.000759709606919224       0.00051479623110553
       0.00372139587357234       0.00582988668878155


A =

         0.072002041500425        0.0226975734135289       0.00991342758324329          0.11609359712025       0.00993282087481283
       0.00825233680558701        0.0956261687877731      1.80722757850576e-15       9.1614329008286e-17       0.00103623685119488
        0.0708912776138887      9.85789026597727e-14         0.211598611354715      4.63472764036358e-10      0.000776189553018451
        0.0614989049963871       0.00769999752746087        0.0121746003666162         0.047348031517382        0.0247436446551261
          1.20400346199932      2.82243522891959e-10       0.00420584452316239         0.608962139085688         0.319161534914556


A s.e. =

        0.0252308662403594        0.0286062928092775        0.0168816311735599        0.0393548540753896       0.00405766873464323
       0.00579218690192157        0.0187823132573904       2.2905262325037e-12      2.86711834079324e-12      0.000871403915624964
        0.0319383454977915      2.88539581280406e-11        0.0569491479753855      1.41877285072966e-07       0.00168558370081138
        0.0282728412620031        0.0376285209462702        0.0175697405047398         0.031839884800936       0.00792929423324469
          0.40527576882155      2.56542593024224e-09        0.0786200864348546         0.320948750988143        0.0731963058370326


B =

         0.531472879260611      3.69811136470014e-10      6.57276987530326e-10         0.143520011096357      1.70095274688892e-11
      5.55780300648145e-14         0.885650884305112      2.12925919465398e-18      1.52895698047634e-13      5.16689136062255e-15
      9.07821999897374e-14      4.80691707772217e-12         0.678761104708967      2.89334634224877e-12      4.68075734007428e-13
         0.175842616640747         0.116294976670231      1.29297378928061e-10         0.203684094781112      3.93027231661459e-11
      6.19604502804548e-08       2.2586637556753e-09         0.221166786706875          3.01516033879982        0.0281885569652868


B s.e. =

         0.201019864330314      2.94647433019036e-07      4.17625567791582e-08         0.262490187181166      8.41427811871001e-09
      3.31295074618736e-11        0.0256939984265889      9.11718821553571e-14      6.22719056410887e-11      1.07808551646309e-11
      6.74028207606026e-11      2.47563434100566e-10        0.0775095829807758      4.04051065561128e-10      1.81224871850723e-10
         0.162853782833848        0.0719170923672813       1.5070653009367e-08         0.206717112123262      7.17827407352666e-09
      9.38854902064196e-07      9.80072713993289e-08         0.305412707001974          4.39969562506911         0.426891374608073


C =

      2.07150637671314e-09      1.28808904131019e-08
      2.01585433673751e-10      4.24537663578366e-10
      1.54672366501721e-10      3.75997105308475e-09
      0.000222481446548927      0.000211516910199092
       0.00189482065108529       0.00138784612447237


phi =

         0.524569074401958         0.100723247884493
      3.11919192289442e-09      3.00437140490449e-08
          0.72844822317379        0.0677553694189143
      4.42310448016931e-10      4.02686732969193e-09
         0.966491058492116        0.0457394867973398
      4.85049660875364e-08      1.16614215213678e-07
      1.38204942769494e-08      1.71964986361197e-07
      1.74034300412381e-07      5.79440115553524e-07
          1.26481230528076        0.0181854355511663
         0.703058510970711        0.0468909382957108

diary('off')
