Estimation results - lambda-GARCH-X with USD

persistence =

         0.98


L_con =

          10496.22


aic_EigenARCH =

         -20842.43

bic_EigenARCH =

         -20413.57


V =

  Columns 1 through 4

         0.644077538713032         0.292489450004969          0.12837633495284         0.158852140128819
        -0.396192264186949         0.475491148461685         0.208698087453269        -0.697126536982896
     -3.50983060511161e-08        -0.829673483588802         0.164863439616964         -0.34352661285865
        -0.654366727396462     -8.11504177446131e-10      2.95538313484936e-07         0.578436101610585
     -4.74285275424469e-07     -7.71879281662349e-09        -0.955397650821374        -0.190214961614855

  Column 5

         0.676682761685063
         0.295634161186742
          0.40798458692106
         0.487048111001271
         0.225906168978702


V s.e. =

  Columns 1 through 4

        0.0144411262706836        0.0357253856681918        0.0249205835028075        0.0862024784575061
        0.0939565235731593        0.0601140322828221        0.0179718931696728        0.0124737783656107
      2.89821844432021e-07        0.0242692232557343        0.0162153060507753        0.0401741965654377
        0.0572121960249958      5.73536333809983e-08      5.72361286610564e-07        0.0606394943752591
      7.55904031960014e-07      8.72576415631085e-08        0.0057889569655543        0.0183940057141899

  Column 5

        0.0118484876718911
        0.0147766721331791
        0.0153100783952095
        0.0127347508203085
        0.0149708056490032


W =

      0.000866593713807533      0.000274563934787252
      2.42863827681008e-11      4.91222586435403e-10
      0.000229511493853127      0.000168231093664295
      0.000689498505885293       0.00050516266910635
       0.00365067772528585       0.00160556362322427


A =

  Columns 1 through 4

        0.0737625666881236        0.0192197239928439        0.0107587490842047         0.113414058313243
       0.00874087185847627         0.100257274318417      3.29528478530777e-15      8.06428412316875e-14
        0.0718893251618285      2.98089591300937e-16         0.218502744596288      2.56506956493765e-09
         0.075253264043564         0.022256571708618        0.0124453674413316        0.0480240587215926
         0.694371742641536      2.89536981509082e-11      1.08054037962837e-08         0.430447769422494

  Column 5

        0.0114134021931746
        0.0008472566324278
      0.000559269662052883
        0.0229703848052683
         0.311399371752778


A s.e. =

  Columns 1 through 4

        0.0227892632089935         0.026786099126596        0.0122481264309277        0.0345252797072707
       0.00622418941205046        0.0194827152260121      3.19631390744909e-12       7.9251830884261e-11
        0.0328240819754151      1.39972744401542e-12        0.0602922268412113      9.79375369832523e-07
        0.0258293401247301        0.0411383589606714        0.0158860753970892        0.0329098629791344
         0.228965373069836      1.71812517689228e-09      1.15465915720231e-07         0.304436610465081

  Column 5

       0.00450413639254889
      0.000860247842390543
       0.00168361161443644
       0.00565311564929323
        0.0489139884183424


B =

  Columns 1 through 4

         0.619073176625671       0.00754239015730956      2.39542313748804e-09      7.69139307181653e-06
      2.44493820980582e-13         0.878970568490573      7.77640826100022e-14      4.91216755493583e-16
      1.07395468899941e-11      9.83508622265058e-14         0.674611134640727      7.20926093557871e-12
         0.248171807869698        0.0928421935734394      1.72322873652282e-09        0.0950371201778649
      6.48950339659136e-07      2.89330126636922e-05         0.186905332920908      5.38169561409384e-09

  Column 5

       3.5719413485634e-11
      9.18262059181682e-15
       3.0397889279933e-13
      3.04307572039576e-09
         0.385068909805438


B s.e. =

  Columns 1 through 4

        0.0541483624340191         0.031568598726349      4.75132569281838e-08      9.18225152076251e-05
      6.32386322823735e-11         0.027756575060375      1.71550037315075e-11      3.33990187436336e-12
      6.87443773519921e-10        3.152399456807e-11        0.0779401091198493      5.56229600016137e-10
         0.188786029124272        0.0729440694876161      3.96159157627479e-08         0.243301157057871
      5.03084603413055e-06       0.00121565995338185         0.160767170949636      1.73046354485317e-07

  Column 5

      5.36530099154281e-09
      1.26036582371569e-11
      1.56335526024948e-10
      1.17352362285785e-07
        0.0804724785474695


C =

        0.0092221284524168       0.00468424222790507
      0.000607633739950503       0.00087713286450689
       0.00323931403517854       0.00419792724937722
        0.0135652017222428       0.00778812186647025
         0.214335255219771        0.0560238423448815


phi =

         0.551471238385046         0.107315183577925
      4.64154421015613e-08      3.82152434599863e-07
         0.713344850986216         0.075659758856462
      4.74285275424486e-07      7.55904031960144e-07
         0.978522536006432        0.0434738344950237
      1.07316963674419e-09       7.5828334273752e-08
      7.71879281662436e-09      8.72576415632504e-08
      4.36851986423704e-09      5.13572574659412e-07
          1.27100335889926        0.0196021591031869
         0.699836374029853        0.0492716021220289


mu =

      1.07316963674419e-09       7.5828334273752e-08
      7.71879281662436e-09      8.72576415632504e-08
      4.36851986423704e-09      5.13572574659412e-07
          1.27100335889926        0.0196021591031869
         0.699836374029853        0.0492716021220289

