% STANDARD MODEL %

aic_EigenARCH =

         -20593.7278663801


bic_EigenARCH =

         -20222.0422045027


no autocorrelation =

                     0.083                     0.252                     0.367
                     0.657                     0.696                     0.367
                     0.973                     0.945                     0.953
                     0.193                     0.232                     0.456
                     0.011                     0.065                     0.025


no heteroskedasticity =

                     0.686                     0.585                     0.459
                     0.675                     0.966                     0.991
                     0.864                     0.774                     0.794
                     0.216                     0.041                     0.025
                     0.692                     0.896                         0


no ARCH =

                     0.687                     0.611                     0.559
                     0.677                     0.969                     0.991
                     0.859                     0.766                     0.756
                     0.221                     0.044                     0.034
                     0.842                     0.974                         0

persistence

persistence =

         0.948466731849867

Estimation results

V =

         0.645147742240694         0.297306498453648          0.11185944155942         0.217121346871583         0.660105311844747
         -0.35044380860345         0.547343419225302         0.205948245441721        -0.674619977796697         0.282979724007434
     -4.10485156978253e-06        -0.782319645271459         0.186603347697515        -0.389481954501896         0.448841809940821
        -0.678950313038665     -4.83818029678162e-06      2.06985921509618e-06          0.55452557687948         0.481173416746484
     -1.00544355562632e-05     -2.62983988869176e-06        -0.954071263668122        -0.196345099236309         0.226266713726498


V s.e. =

        0.0168031771548873        0.0732243568702547        0.0447033466964414          0.14008850799041        0.0149895228260749
         0.164817350659975         0.124749680657352        0.0198606971179648        0.0210364310763805        0.0149015306300693
      4.30217175171992e-06        0.0607009537550533        0.0326373368328387        0.0924041508944574        0.0171601705301389
        0.0868742893303132      7.79452550691954e-06      3.35998523705357e-06         0.109926145017504        0.0173558462916572
      7.47475608329408e-06      4.55453060358745e-06       0.00678787903466849        0.0341884103672066        0.0169025696171112


W =

       0.00224669800547111       0.00112108245703509
      2.26225959386544e-05       0.00386032518181452
      0.000333664976538337      0.000187267101765735
      0.000343026095119945      0.000598979856733423
       0.00382689661627377       0.00509507911995529


A =

        0.0684497477602091        0.0348338396924922         6.34417336591e-12        0.0609525516921316        0.0149116492415341
        0.0168820260907901        0.0915232780839353      3.48512695412025e-12        0.0449058619777896       0.00876616183550004
        0.0710944837289251      7.89327950489992e-12         0.214097959643463      1.62283526083647e-10      0.000763502571983618
        0.0429649117004209         0.110739220366869      1.40740568048282e-12        0.0432449733493359       0.00605296936728215
          1.04069771711343      1.39441335473899e-10      2.25567285172979e-11         0.559855936739462          0.33743615142435


A s.e. =

        0.0302494918302996        0.0428281695160082      4.86233071512054e-10        0.0467287664526778       0.00702651595823089
        0.0196464393660668        0.0600985883288693      5.73842225766322e-11        0.0288665720986748       0.00329434890628655
        0.0328887258995677      3.02408557455745e-10        0.0592128071978824      2.75711970755191e-08       0.00167595325779661
        0.0188546141955623        0.0325583763528676      2.60628610959831e-10        0.0382730510513586       0.00733618862702561
         0.301385529127429      6.20044937039857e-09      1.28423627273576e-08         0.353729884242668         0.051697137610644


B =

      2.75298830125527e-06          0.47081453553479        0.0783643082783045      4.49566617869523e-06        0.0260132177168485
      6.61559322080875e-09      1.27735100339264e-08      2.12260970346244e-11         0.546220135723854      6.53210319810257e-12
      6.19033703901568e-10       1.2986359650661e-12         0.674455189906879      1.16063978282994e-11      4.73328880443189e-12
      4.65140988170056e-11      1.61293291379269e-12      1.17274346763513e-12          0.72730002048565      1.71807808571835e-12
          1.62978939053847      1.80833186404778e-05        0.0143701136792602      4.84051231277572e-09         0.195586577727418


B s.e. =

      4.77873676254503e-05         0.459138543439667        0.0749677745541673      4.49476290981155e-05        0.0185316335038996
      4.86647018848521e-08       4.0985548499026e-07      2.54488046769158e-10         0.641795604982799      6.29862274654491e-10
      7.28811842356111e-09      3.20381463746267e-10        0.0794145217147386       5.8632161434611e-10      6.37461262518486e-10
      1.95672293696011e-09      7.80879399457818e-09      1.72479727118287e-10        0.0990888201276535      2.52873298280919e-10
          1.59701904794236      0.000498857376921437         0.301972945698634      7.22129180145479e-07         0.160659474925403


phi =

         0.497606962838948         0.197346900173962
      5.59103756923108e-06      6.10381520115191e-06
         0.746331955403115         0.118327644010041
      1.00544355564326e-05      7.47475608367196e-06
         0.898381238269476        0.0974525256040308
      6.58989678872842e-06      1.10924984435472e-05
      2.62983988882772e-06      4.55453060398434e-06
      2.02007298246739e-05      1.41670365496447e-05
          1.26654418899646        0.0226580040492502
          0.71471446347057         0.104881211835613
