Estimation results - lambda-GARCH-X with BCOM

persistence =

         0.940


L_con =

          10384.75


aic_EigenARCH =

         -20619.49


bic_EigenARCH =

         -20190.62


V =

  Columns 1 through 4

         0.622290504271989        -0.046447153509961        0.0198707442468948         0.424026332772244
        -0.155531883569913         0.945668785399337        0.0795033988679569       -0.0784377862616535
     -3.11604936469753e-07        -0.225681863005148         0.329051379968593        -0.781707596385952
        -0.767179484531489        -0.229392473640028      7.55713652218908e-08         0.359847225584486
     -1.04628620852093e-07     -2.82438897428824e-09        -0.940749463158112         -0.27109480038123

  Column 5

         0.656051837023975
         0.262768157829963
         0.479297527433316
         0.478878591910779
         0.203710718358103


V s.e. =

  Columns 1 through 4

        0.0180466794436526        0.0734969606784694        0.0132813857365314        0.0185944594976931
         0.071642284006764        0.0180504819419185        0.0361784506294558         0.111240017573416
      6.24165469170654e-07          0.10553792579588        0.0265317854544872        0.0291161288404519
        0.0261926468014713         0.063642886352546      1.86287484200237e-07        0.0356786108521829
      2.56147684932613e-07      3.14502191012081e-08       0.00951708570510676         0.022396966093102

  Column 5

        0.0103415485585209
        0.0121845028779275
       0.00996733895141739
         0.012886263337887
        0.0216298151554372


W =

      0.000974012055671057      0.000491212474269996
      0.000100497561654083      0.000597622132663481
      0.000400805809057847      0.000238797845987107
      0.000156404980013697      0.000243752370583218
       0.00310020658342412       0.00415130198698817


A =

  Columns 1 through 4

        0.0598711381401069         0.118588505888628         0.013072206211851      4.52620048279814e-10
        0.0801636652595634        0.0452726623225776      8.04849376724921e-12        0.0572795518800396
        0.0502830602703955        0.0161395755315312         0.220180740254396      5.18935771167893e-13
        0.0157801349660108        0.0236689060077656      8.23138523354876e-12         0.121476840320041
          1.12439043088096      8.78196669339451e-07      1.02691775231601e-11         0.474532484872727

  Column 5

       0.00959838058722145
        0.0203000827470272
       0.00154500417844333
       0.00441340836095838
         0.337990579095429


A s.e. =

  Columns 1 through 4

        0.0291789354739378        0.0323895823557957        0.0164095662233081      1.55130664015522e-08
        0.0260095439804815        0.0229144708924219      2.95860276861845e-10        0.0497831053655965
        0.0319771826157407        0.0268505295158107        0.0664220229599717      7.25683179625383e-11
        0.0126960958803953        0.0239660411091079      2.80428146603488e-10        0.0418206541408283
         0.343753279831417      5.30781904926598e-05      7.70729512003392e-10         0.419733834936439

  Column 5

       0.00529036144230594
       0.00546742638844409
       0.00258655764973693
        0.0034994870241962
        0.0506155772155454


B =

  Columns 1 through 4

         0.608243409991861      5.92796254549621e-08      2.51144883319233e-12        0.0979504436710521
         0.382407487484659       3.8893307533485e-08      3.76593424587217e-10      5.22672318031985e-10
      6.13326356983435e-13      6.54621041660523e-12         0.667272380046961      9.50088027654089e-12
      9.82698032379005e-11      3.49604484689754e-12      2.14337510674796e-12         0.739215891558869
          1.30806998341526       5.1043623836402e-07         0.206744131331899      2.67449738708529e-07

  Column 5

       4.0379560895001e-12
      2.18288924527922e-11
      1.38955259169651e-12
      1.41850756441116e-13
         0.203340241734619


B s.e. =

  Columns 1 through 4

         0.182343537634697      5.12856068529909e-07      3.65666856757959e-10         0.151325549645674
        0.0920740261797863      3.88906731865904e-07      1.03795649477865e-08      9.82452702971842e-09
       3.5511315452088e-10      8.78280035405313e-10        0.0909775994334142      3.83517942208154e-10
      4.27814809435704e-09      5.86545836550277e-10        1.900583786815e-10         0.105266996920059
          1.27331483849585      1.75967225366803e-06         0.265127103355612      1.12318016972474e-06

  Column 5

      8.74774995731991e-10
      2.97535676479634e-09
       3.3164666434701e-10
      7.98905491504264e-11
         0.162797944349633


C =

       0.00100024071086238      0.000853863326623219
        0.0015490329711924      0.000794758407939798
      1.65713830012992e-10      1.94213979204279e-09
      0.000893618188643187      0.000526532258701143
       0.00776053739403684       0.00594725383966027


phi =

         0.244917041631806         0.104312702103207
      4.85795374568562e-07      9.80769181412747e-07
         0.874432299805932         0.040834611954542
      1.04628620852093e-07      2.56147684932615e-07
         0.244080758537529         0.111087884025655
          0.36572375749574        0.0942925747191452
      2.82438897428825e-09      3.14502191012082e-08
      2.71306386977679e-09      6.12189994852111e-08
          1.22483371093682        0.0280655203153106
         0.926376042884472        0.0486689893363769


mu =



