Estimation results - lambda-GARCH-X with 10yr

persistence =

          0.914


L_con =

          10433.31


aic_EigenARCH =

         -20716.62


bic_EigenARCH =

         -20287.75


V =

  Columns 1 through 4

         0.624679303301986        -0.042248856497326        0.0181603825758378         0.426822543144078
        -0.141997205180941         0.950198108294714        0.0798786633047475       -0.0857825273429004
     -5.59088103638868e-06        -0.226280732991526         0.332044617280617        -0.777020669317659
         -0.76786233252822        -0.210084790001498      1.34768806793136e-07         0.363102143630985
     -9.75987465404514e-08     -2.15848596641772e-06        -0.939699937101358        -0.273604801511976

  Column 5

         0.652290977493583
         0.251438075607613
         0.484543374151031
          0.48415767326865
         0.205193666560708


V s.e. =

  Columns 1 through 4

        0.0161016713083504        0.0658318098665106        0.0115328558741381        0.0160949947569517
        0.0541903004146901        0.0174994221823583        0.0347271209633851          0.10805344586514
      1.13161694693266e-05         0.102861492208324        0.0279427585856542        0.0282265124090977
        0.0201956129126178        0.0494038705936199      4.12724674727778e-07        0.0329499879706072
      2.52610565422096e-07      2.15426600639375e-06       0.00971939065988476        0.0235481047879699

  Column 5

        0.0102307089386704
        0.0119189314509176
        0.0101143855693118
        0.0126496141345999
        0.0201946272087363


W =

       0.00114618150947932      0.000410287139840253
      0.000184207137035102      0.000496706795851401
      0.000396729168973871      0.000236754652234511
      0.000398472371091869       0.00028085688540269
        0.0036671386397789       0.00365000585355992


A =

  Columns 1 through 4

         0.068238398127075         0.123151457992886        0.0206805606511756        0.0161570785199144
        0.0374481998349111         0.077901372173147       7.0381225690415e-13        0.0227477444589278
        0.0486948594236625        0.0150854325415946         0.217263703759034       1.5578888306527e-13
        0.0219093660622095        0.0179565907251235      8.88603613394404e-12         0.144104831256413
         0.832721265248952      3.80315833698115e-08      5.06625621043009e-08         0.377189794752103

  Column 5

       0.00773383724575547
        0.0171501396178831
       0.00170425689424225
       0.00712682716317666
         0.329380237240964


A s.e. =

  Columns 1 through 4

        0.0270186673741432        0.0324371487500931        0.0163529090317279        0.0540063580708416
        0.0178485598240875        0.0274441734546321      5.74252477716172e-11        0.0328221551856432
        0.0315128295586371        0.0249193090888783        0.0664347097646125      3.98520203653294e-11
        0.0140502829307375        0.0213342823545885      3.87897271692689e-10        0.0294103066388426
         0.317507536389878      6.14387563046605e-07      3.99406793403087e-07         0.375752177080855

  Column 5

       0.00440822786057241
       0.00467281236935497
       0.00258236008816241
       0.00454706360943089
        0.0490891814503222


B =

  Columns 1 through 4

         0.545675945297009         0.135289820950152      7.94331180223568e-11         0.013246339754969
         0.288850445029625      2.54768048519698e-10      2.93207168079851e-09      1.17361851663946e-09
      4.63963489557118e-12      3.61340804226841e-11         0.671712708271733      1.01576156707337e-11
      9.69466421719581e-13      2.78546709328321e-10       3.8763313834921e-11         0.627960872279237
         0.515852849176468      4.59869312138114e-07         0.354483840849554      7.24529194933307e-06

  Column 5

      3.86046052125112e-13
      4.35479607376661e-12
      8.24533392659112e-18
      7.90992406022407e-13
         0.280651057205001


B s.e. =

  Columns 1 through 4

         0.136241297174212         0.155882329764898      3.41153492084832e-09         0.121694173013807
        0.0719519895849663      3.27123482858422e-09       4.8731049018098e-08      7.18630557365353e-09
      1.27241905202943e-09      1.77757363865944e-09        0.0903907311512909      4.24982941808086e-10
      3.54635638489834e-10        6.159460370812e-09      1.39522640826176e-09         0.113058887577009
          1.17549493991283      4.26896861591314e-06         0.257295842983529       5.5579683955523e-05

  Column 5

       2.3181996422869e-10
      5.27354069071748e-10
      7.43356402046263e-13
      2.28426259293626e-10
         0.170536665153262


C =

      3.84654249336424e-05      0.000179004755534338
       0.00169149137513954      0.000372460187806354
      1.32015766552244e-07      7.46740403008161e-06
      0.000231177283401105      0.000157969781006125
       0.00569721760478988       0.00186965617661515


phi =

         0.223514102010305        0.0797465990575074
       8.7273666550035e-06      1.76618838509548e-05
           0.8754975458221        0.0315253566587333
      9.75987465404515e-08      2.52610565422098e-07
         0.241881169790298          0.10798718895834
         0.334124706875886        0.0751924955967478
      2.15848596641941e-06      2.15426600639875e-06
      1.74792700682444e-06      9.62803163301286e-07
           1.2217518685064        0.0284192675065808
         0.927318456766704        0.0461532768522983


mu =

         0.334124706875886        0.0751924955967478
      2.15848596641941e-06      2.15426600639875e-06
      1.74792700682444e-06      9.62803163301286e-07
           1.2217518685064        0.0284192675065808
         0.927318456766704        0.0461532768522983

